    0.343760    
    0.343760    
    0.343760    
    0.343760    
    0.343760    
    0.343760    
    0.343760    
    0.343760    
    0.343760    
    0.343760    
    0.343760    
    0.343760    
    0.343760    
    0.343760    
    0.343760    
    0.343760    
    0.343760    
    0.343760    
    0.343760    
    0.343760    
    0.343760    
    0.343760    
    0.343760    
    0.343760    
    0.343760    
    0.343760    
    0.343760    
    0.343760    
    0.343760    
    0.343760    
    0.343760    
    0.343760    
    0.343760    
    0.343760    
    0.343760    
    0.343760    
    0.343761    
    0.343761    
    0.343762    
    0.343766    
    0.343779    
    0.343816    
    0.343901    
    0.344060    
    0.344311    
    0.344635    
    0.344980    
    0.345273    
    0.345468    
    0.345578    
    0.345654    
    0.345740    
    0.345820    
    0.345834    
    0.345721    
    0.345470    
    0.345124    
    0.344747    
    0.344384    
    0.344051    
    0.343748    
    0.343473    
    0.343225    
    0.343008    
    0.342824    
    0.342676    
    0.342560    
    0.342476    
    0.342420    
    0.342390    
    0.342384    
    0.342400    
    0.342439    
    0.342500    
    0.342583    
    0.342687    
    0.342813    
    0.342959    
    0.343122    
    0.343299    
    0.343486    
    0.343676    
    0.343865    
    0.344045    
    0.344211    
    0.344358    
    0.344481    
    0.344578    
    0.344646    
    0.344687    
    0.344699    
    0.344687    
    0.344653    
    0.344600    
    0.344534    
    0.344457    
    0.344375    
    0.344292    
    0.344211    
    0.344137    
    0.344074    
    0.344027    
    0.343999    
    0.343994    
    0.344015    
    0.344066    
    0.344148    
    0.344261    
    0.344405    
    0.344575    
    0.344767    
    0.344974    
    0.345185    
    0.345391    
    0.345582    
    0.345747    
    0.345875    
    0.345959    
    0.345992    
    0.345972    
    0.345897    
    0.345770    
    0.345597    
    0.345384    
    0.345139    
    0.344871    
    0.344590    
    0.344303    
    0.344017    
    0.343735    
    0.343462    
    0.343197    
    0.342940    
    0.342691    
    0.342448    
    0.342212    
    0.341982    
    0.341761    
    0.341553    
    0.341365    
    0.341205    
    0.341080    
    0.340999    
    0.340970    
    0.340999    
    0.341090    
    0.341244    
    0.341460    
    0.341732    
    0.342052    
    0.342410    
    0.342793    
    0.343188    
    0.343581    
    0.343960    
    0.344314    
    0.344633    
    0.344910    
    0.345141    
    0.345323    
    0.345456    
    0.345541    
    0.345582    
    0.345582    
    0.345546    
    0.345478    
    0.345384    
    0.345267    
    0.345134    
    0.344990    
    0.344838    
    0.344686    
    0.344537    
    0.344398    
    0.344274    
    0.344169    
    0.344087    
    0.344030    
    0.344001    
    0.343999    
    0.344023    
    0.344069    
    0.344135    
    0.344215    
    0.344303    
    0.344395    
    0.344486    
    0.344571    
    0.344648    
    0.344713    
    0.344765    
    0.344805    
    0.344830    
    0.344842    
    0.344840    
    0.344822    
    0.344788    
    0.344736    
    0.344662    
    0.344563    
    0.344437    
    0.344282    
    0.344097    
    0.343883    
    0.343644    
    0.343385    
    0.343114    
    0.342841    
    0.342578    
    0.342338    
    0.342132    
    0.341973    
    0.341869    
    0.341829    
    0.341855    
    0.341948    
    0.342105    
    0.342319    
    0.342580    
    0.342876    
    0.343194    
    0.343519    
    0.343839    
    0.344142    
    0.344417    
    0.344658    
    0.344859    
    0.345018    
    0.345134    
    0.345211    
    0.345249    
    0.345255    
    0.345229    
    0.345177    
    0.345102    
    0.345004    
    0.344885    
    0.344746    
    0.344587    
    0.344408    
    0.344211    
    0.343997    
    0.343769    
    0.343530    
    0.343286    
    0.343043    
    0.342808    
    0.342588    
    0.342389    
    0.342219    
    0.342084    
    0.341986    
    0.341930    
    0.341917    
    0.341947    
    0.342018    
    0.342129    
    0.342274    
    0.342450    
    0.342652    
    0.342875    
    0.343113    
    0.343359    
    0.343609    
    0.343855    
    0.344091    
    0.344312    
    0.344512    
    0.344684    
    0.344824    
    0.344929    
    0.344996    
    0.345025    
    0.345016    
    0.344974    
    0.344903    
    0.344811    
    0.344704    
    0.344593    
    0.344487    
    0.344392    
    0.344318    
    0.344268    
    0.344246    
    0.344253    
    0.344286    
    0.344343    
    0.344418    
    0.344504    
    0.344595    
    0.344683    
    0.344764    
    0.344835    
    0.344892    
    0.344935    
    0.344966    
    0.344988    
    0.345002    
    0.345013    
    0.345021    
    0.345028    
    0.345032    
    0.345030    
    0.345016    
    0.344984    
    0.344926    
    0.344834    
    0.344701    
    0.344521    
    0.344291    
    0.344010    
    0.343682    
    0.343313    
    0.342911    
    0.342491    
    0.342064    
    0.341646    
    0.341253    
    0.340897    
    0.340590    
    0.340343    
    0.340163    
    0.340052    
    0.340012    
    0.340041    
    0.340135    
    0.340288    
    0.340495    
    0.340746    
    0.341036    
    0.341355    
    0.341697    
    0.342055    
    0.342421    
    0.342790    
    0.343155    
    0.343510    
    0.343848    
    0.344164    
    0.344453    
    0.344710    
    0.344932    
    0.345117    
    0.345262    
    0.345369    
    0.345440    
    0.345478    
    0.345485    
    0.345468    
    0.345430    
    0.345376    
    0.345310    
    0.345237    
    0.345157    
    0.345074    
    0.344988    
    0.344901    
    0.344813    
    0.344727    
    0.344643    
    0.344565    
    0.344496    
    0.344439    
    0.344399    
    0.344379    
    0.344384    
    0.344414    
    0.344469    
    0.344548    
    0.344645    
    0.344754    
    0.344866    
    0.344970    
    0.345055    
    0.345109    
    0.345124    
    0.345090    
    0.345002    
    0.344858    
    0.344659    
    0.344410    
    0.344117    
    0.343793    
    0.343450    
    0.343100    
    0.342756    
    0.342431    
    0.342136    
    0.341877    
    0.341661    
    0.341490    
    0.341364    
    0.341280    
    0.341236    
    0.341226    
    0.341245    
    0.341290    
    0.341356    
    0.341441    
    0.341544    
    0.341664    
    0.341802    
    0.341959    
    0.342135    
    0.342332    
    0.342548    
    0.342780    
    0.343027    
    0.343281    
    0.343538    
    0.343789    
    0.344027    
    0.344243    
    0.344431    
    0.344583    
    0.344693    
    0.344759    
    0.344778    
    0.344750    
    0.344677    
    0.344561    
    0.344408    
    0.344224    
    0.344014    
    0.343785    
    0.343546    
    0.343305    
    0.343069    
    0.342845    
    0.342643    
    0.342468    
    0.342327    
    0.342226    
    0.342170    
    0.342161    
    0.342201    
    0.342289    
    0.342423    
    0.342599    
    0.342810    
    0.343047    
    0.343303    
    0.343566    
    0.343827    
    0.344077    
    0.344307    
    0.344512    
    0.344685    
    0.344825    
    0.344932    
    0.345007    
    0.345053    
    0.345074    
    0.345075    
    0.345059    
    0.345031    
    0.344992    
    0.344943    
    0.344883    
    0.344812    
    0.344726    
    0.344623    
    0.344502    
    0.344363    
    0.344205    
    0.344034    
    0.343853    
    0.343670    
    0.343494    
    0.343334    
    0.343200    
    0.343101    
    0.343043    
    0.343031    
    0.343066    
    0.343146    
    0.343264    
    0.343413    
    0.343581    
    0.343754    
    0.343919    
    0.344062    
    0.344170    
    0.344233    
    0.344243    
    0.344197    
    0.344093    
    0.343934    
    0.343723    
    0.343469    
    0.343180    
    0.342865    
    0.342534    
    0.342197    
    0.341862    
    0.341537    
    0.341228    
    0.340941    
    0.340681    
    0.340452    
    0.340257    
    0.340101    
    0.339985    
    0.339914    
    0.339889    
    0.339912    
    0.339984    
    0.340104    
    0.340272    
    0.340485    
    0.340739    
    0.341030    
    0.341353    
    0.341700    
    0.342068    
    0.342448    
    0.342837    
    0.343228    
    0.343617    
    0.344000    
    0.344372    
    0.344731    
    0.345071    
    0.345388    
    0.345677    
    0.345934    
    0.346151    
    0.346325    
    0.346451    
    0.346523    
    0.346541    
    0.346503    
    0.346413    
    0.346275    
    0.346097    
    0.345887    
    0.345658    
    0.345421    
    0.345188    
    0.344971    
    0.344780    
    0.344621    
    0.344498    
    0.344412    
    0.344361    
    0.344339    
    0.344338    
    0.344348    
    0.344361    
    0.344366    
    0.344354    
    0.344319    
    0.344257    
    0.344165    
    0.344045    
    0.343900    
    0.343733    
    0.343551    
    0.343358    
    0.343161    
    0.342964    
    0.342768    
    0.342576    
    0.342387    
    0.342199    
    0.342009    
    0.341816    
    0.341615    
    0.341406    
    0.341189    
    0.340965    
    0.340739    
    0.340514    
    0.340299    
    0.340103    
    0.339932    
    0.339797    
    0.339705    
    0.339664    
    0.339678    
    0.339750    
    0.339883    
    0.340073    
    0.340317    
    0.340611    
    0.340947    
    0.341318    
    0.341713    
    0.342123    
    0.342540    
    0.342953    
    0.343353    
    0.343732    
    0.344080    
    0.344392    
    0.344660    
    0.344880    
    0.345049    
    0.345163    
    0.345222    
    0.345229    
    0.345186    
    0.345098    
    0.344972    
    0.344817    
    0.344641    
    0.344453    
    0.344263    
    0.344080    
    0.343911    
    0.343762    
    0.343637    
    0.343538    
    0.343467    
    0.343421    
    0.343398    
    0.343395    
    0.343408    
    0.343434    
    0.343470    
    0.343515    
    0.343568    
    0.343629    
    0.343700    
    0.343782    
    0.343876    
    0.343982    
    0.344100    
    0.344228    
    0.344360    
    0.344491    
    0.344612    
    0.344715    
    0.344790    
    0.344828    
    0.344820    
    0.344762    
    0.344648    
    0.344481    
    0.344262    
    0.343998    
    0.343700    
    0.343380    
    0.343050    
    0.342726    
    0.342422    
    0.342148    
    0.341916    
    0.341733    
    0.341601    
    0.341523    
